Faulty = 0, gap = 1 * 3, no intersection
	[[2163, 2922, 3227, 3442, 3748, 3774, 3981, 4276, 4131, 4073, 4187, 4060, 4141, 4490, 4262, 4285, 4350, 4428, 4283, 4292, 4481, 4312, 4607, 4495, 4430, 4554, 4449]]
	[[8192, 12297, 15207, 17452, 19202, 20429, 21877, 23342, 24553, 25903, 26602, 27085, 28550, 29174, 29743, 30423, 31239, 32164, 32606, 33015, 33685, 34320, 34893, 35475, 35879, 36301, 36863]]
Faulty = 5, gap = 7 * 3, not yet
	[[3030, 10895, 16427, 21845]]
	[[12300, 30053, 40841, 50289]]
Faulty = 10, gap = 4 * 3, I = 6/60 nodes
	[[18984], [28388], [38620], [50425], [101813], [118614]]
	[[25819], [39173], [50102], [60620], [83789], [95298]]
Faulty = 15, gap = 3 * 3, I = 4/27 nodes
	[[25078], [38716], [118126], [144296], [173327], [392410]]
	[[25104], [39384], [72937], [83917], [97138], [138605]]
Faulty = 20, gap = 2 * 3, I = 1/6 nodes
	[[39188], [64420], [103747], [151262], [554187], [737029]]
	[[27989], [46160], [62276], [81186], [160240], [179017]]
Faulty = 25, gap = 2 * 3, I = 1/4 nodes
faulty rate of 25 with 2 gap yeild:
[[39870], [337544], [354743], [1715123], [1802111], [7510498]] [[28724], [160644], [133984], [379923], [321133], [766384]]

Faulty = 5, gap = 7 * 3, not found even util 126
13785 29265 18504 40486 24278 50570 29794 59429 34473 67005 41412 75130


new ones:

faulty rate of 0.0: 5 + 6n
[3710, 4113, 4182, 4285, 4381, 4479, 4536, 4532, 4531, 4588, 4444, 4572, 4882, 4585, 4793, 4589, 4734, 4712, 4860, 4712, 4629, 4896, 4765, 4650, 4850, 4770, 4830] [10061, 16487, 19965, 22852, 25138, 27064, 28945, 30474, 31449, 32727, 34155, 35310, 36395, 37475, 38284, 38653, 39810, 40520, 41376, 42338, 42843, 43824, 44336, 44836, 45313, 45682, 46671]

faulty rate of 0.0: 4 + 6n
[2173, 3338, 3708, 4018, 4088, 4184, 4141, 4296, 4351, 4429, 4594, 4511, 4609, 4552, 4588, 4532, 5194, 5083, 4953, 4916, 5022, 4924, 4876, 4848, 4778, 4932, 4850] [8324, 15294, 19364, 21914, 24622, 26455, 28309, 29841, 31311, 32344, 33715, 34908, 35684, 36367, 37618, 38111, 40035, 41394, 41697, 41699, 43008, 44221, 44187, 44325, 44926, 45678, 46477]


faulty rate of 2.5: 40n
[9575, 13451, 16623, 19661] [33058, 45791, 55164, 63478]

faulty rate of 5.0: 20n
[12562, 17597, 24786, 29191, 37210, 42278, 48666, 57828] [27550, 39116, 50969, 59046, 68294, 75516, 81894, 91999]

faulty rate of 5.55: 18n
[14985, 21041, 27479, 33219, 40596, 47714, 55519, 62864] [27777, 39787, 49847, 59377, 67408, 75390, 84736, 91659]

faulty rate of 6.67: 15n
[16572, 24012, 31163, 40381, 48211, 58593, 68853, 79838, 91813, 108432] [26655, 39346, 49601, 58944, 68770, 77490, 85630, 94151, 102905, 111524]

faulty rate of 7.7: 13n
[14294, 24772, 36004, 42195, 55366, 69768, 78955, 96138, 114869, 137987, 155870, 183487] [24106, 38045, 50068, 57741, 68446, 78771, 85813, 96775, 106933, 117636, 125953, 136756]

faulty rate of 8.33:12n
[18489, 28549, 39311, 49451, 62789, 75492, 93595, 111023, 131839, 158787, 183861, 217626, 249795] [25759, 39060, 49913, 59911, 70112, 79604, 90243, 99709, 109814, 120171, 130801, 141877, 151944]

faulty rate of 9.1: 11n
[17128, 26046, 42315, 53353, 64503, 87622, 102115, 121410, 157245] [24053, 36448, 50132, 59539, 68393, 82308, 91527, 99367, 113259]

faulty rate of 10.0: 10n
[15959, 30657, 47863, 56324, 76141, 100826, 115613, 146611, 186489, 231660, 265612, 326831] [22427, 37584, 50880, 58832, 71269, 84615, 91333, 105898, 119733, 132008, 140353, 155423]

faulty rate of 11.1: 9n
[24838, 38547, 54571, 72829, 93656] [24839, 39247, 52263, 63674, 75799]

faulty rate of 12.5: 8n
[21793, 33450, 63363, 80728, 100512, 153675, 186251, 223118] [23204, 36271, 53390, 64509, 74777, 93034, 103363, 115640]

faulty rate of 14.3: 7n:
[18950, 44237, 77270, 90364, 139071] [20628, 39391, 56751, 64574, 82897]u

faulty rate of 16.6: 6n
[39109, 66844, 103219, 149879, 215784] [28673, 45598, 63103, 80437, 99405]

faulty rate of 20.0: 5n
[34059, 55180, 156786, 203143, 263998] [25535, 40041, 79703, 91040, 105913]

faulty rate of 25.0: 4n
[27360, 110523, 334202, 303413, 720450] [21080, 66285, 158484, 120103, 215210]

distribution results:

12.5n: 8%
12,[6728,2189,708,240,86,34,9,3,3,0,0,0,0,0,0,0,0,0,0,0,0]
25,[2971,2054,1456,999,726,532,393,269,171,121,90,57,48,31,22,14,11,10,6,3,16]
37,[3497,2243,1481,951,615,400,285,180,117,79,48,38,18,17,9,12,1,3,2,1,3]
50,[1851,1437,1154,1078,785,661,552,475,369,271,266,200,174,115,95,78,78,53,45,46,217]
62,[2109,1627,1331,1048,841,641,516,384,305,251,225,166,132,92,72,62,32,36,38,10,82]
75,[1203,1114,965,820,697,594,552,482,392,357,319,305,252,242,214,181,136,140,144,103,788]
87,[1417,1195,1015,872,792,698,576,452,410,383,326,271,225,165,159,137,125,114,83,89,496]
100,[,847,790,719,654,576,521,488,459,433,375,354,327,277,250,257,236,219,148,169,162,1739]
112,[1017,906,869,693,634,601,488,456,425,392,356,316,282,263,232,196,187,185,153,116,1233]
125,[,635,607,603,521,511,476,485,380,363,354,314,303,278,265,266,258,230,211,183,163,2594]
137,[,719,724,659,605,535,511,453,467,416,393,355,340,299,253,241,237,238,208,199,158,1990]
150,[,478,485,451,409,406,358,354,347,308,294,292,256,257,253,230,221,235,174,211,203,3778]

12,[2458,2796,2203,1270,675,331,170,61,18,10,6,2,0,0,0,0,0,0,0,0,0]
25,[,789,1347,1625,1530,1384,1107,804,557,351,229,125,72,39,18,11,4,5,1,1,0,1]
37,[,738,1239,1540,1538,1355,1149,832,612,399,247,157,90,46,29,11,8,7,2,0,1,0]
50,[,336,632,900,1007,1105,1129,969,895,771,607,529,337,269,189,98,88,58,34,18,10,19]
62,[,351,647,901,991,1160,1051,1028,923,760,628,493,328,242,183,117,69,51,31,19,12,15]
75,[196,356,547,645,785,835,871,859,820,733,680,585,494,418,311,239,176,132,108,54,156]
87,[190,392,555,750,834,894,905,855,797,736,638,569,455,365,300,214,170,127,81,59,114]
100,[116,235,342,459,515,608,662,670,691,709,709,661,621,544,487,402,312,299,213,190,555]
112,[128,237,320,472,559,622,750,722,727,748,633,667,609,544,467,366,328,253,190,170,488]
125,[,75,155,237,299,387,452,574,588,595,627,629,619,633,584,531,461,415,384,316,297,1142]
137,[,99,150,247,361,375,481,535,578,616,586,653,687,589,580,560,451,414,379,308,271,1080]
150,[,58,93,155,211,286,331,358,425,487,476,553,550,526,573,512,494,494,429,460,379,2150]


0n
4,[8155,1511,277,51,4,0,2,0,0,0,0,0,0,0,0,0,0,0,0,0,0]
10,[7462,1905,492,94,34,10,2,1,0,0,0,0,0,0,0,0,0,0,0,0,0]
16,[7242,2048,515,134,44,14,2,0,1,0,0,0,0,0,0,0,0,0,0,0,0]
22,[7124,2073,592,154,41,10,6,0,0,0,0,0,0,0,0,0,0,0,0,0,0]
28,[7171,2024,552,186,52,9,5,1,0,0,0,0,0,0,0,0,0,0,0,0,0]
34,[7076,2078,579,188,58,18,2,0,1,0,0,0,0,0,0,0,0,0,0,0,0]
40,[6938,2206,582,205,44,19,2,2,2,0,0,0,0,0,0,0,0,0,0,0,0]
46,[6990,2088,648,196,60,12,5,0,1,0,0,0,0,0,0,0,0,0,0,0,0]
52,[7007,2082,641,192,49,22,5,2,0,0,0,0,0,0,0,0,0,0,0,0,0]
58,[6905,2168,631,226,49,14,5,1,1,0,0,0,0,0,0,0,0,0,0,0,0]
64,[6935,2152,621,198,74,13,6,1,0,0,0,0,0,0,0,0,0,0,0,0,0]
70,[6930,2078,657,230,70,30,2,2,1,0,0,0,0,0,0,0,0,0,0,0,0]
76,[6944,2139,619,206,61,21,8,2,0,0,0,0,0,0,0,0,0,0,0,0,0]
82,[6897,2157,635,205,72,23,5,3,2,1,0,0,0,0,0,0,0,0,0,0,0]
88,[6868,2146,686,211,72,10,4,2,1,0,0,0,0,0,0,0,0,0,0,0,0]
94,[6831,2141,695,241,62,22,4,4,0,0,0,0,0,0,0,0,0,0,0,0,0]
100,[6815,2180,702,191,72,26,10,4,0,0,0,0,0,0,0,0,0,0,0,0,0]
106,[6693,2217,725,244,94,18,5,3,1,0,0,0,0,0,0,0,0,0,0,0,0]
112,[6667,2211,753,256,83,15,11,4,0,0,0,0,0,0,0,0,0,0,0,0,0]
118,[6656,2239,714,261,92,26,8,1,2,1,0,0,0,0,0,0,0,0,0,0,0]
124,[6736,2169,751,232,75,25,9,3,0,0,0,0,0,0,0,0,0,0,0,0,0]
130,[6682,2225,730,246,77,24,13,3,0,0,0,0,0,0,0,0,0,0,0,0,0]
136,[6704,2168,756,262,69,31,9,1,0,0,0,0,0,0,0,0,0,0,0,0,0]
142,[6714,2217,703,242,82,25,11,4,2,0,0,0,0,0,0,0,0,0,0,0,0]
148,[6733,2164,719,258,85,27,9,4,1,0,0,0,0,0,0,0,0,0,0,0,0]
154,[6684,2213,727,256,78,28,9,5,0,0,0,0,0,0,0,0,0,0,0,0,0]
160,[6713,2164,782,225,83,21,9,3,0,0,0,0,0,0,0,0,0,0,0,0,0]

4,[4939,3099,1255,476,143,60,21,5,2,0,0,0,0,0,0,0,0,0,0,0,0]
10,[2817,3065,2111,1090,525,243,99,29,14,2,2,3,0,0,0,0,0,0,0,0,0]
16,[2177,2648,2203,1420,814,405,188,94,35,12,2,1,0,1,0,0,0,0,0,0,0]
22,[1778,2388,2227,1565,946,569,277,124,69,37,11,5,3,1,0,0,0,0,0,0,0]
28,[1435,2136,2191,1645,1173,688,350,197,106,51,18,2,4,3,1,0,0,0,0,0,0]
34,[1342,1939,2174,1658,1171,759,473,223,136,71,24,19,8,2,0,0,0,1,0,0,0]
40,[1161,1915,2020,1703,1275,845,513,269,136,82,48,20,5,6,1,1,0,0,0,0,0]
46,[1116,1733,1935,1638,1309,958,562,371,197,93,47,21,14,3,1,2,0,0,0,0,0]
52,[1027,1748,1863,1625,1360,936,614,359,201,128,59,41,21,9,4,2,2,1,0,0,0]
58,[,965,1547,1739,1734,1345,962,728,415,263,134,81,49,19,9,5,2,0,2,0,0,1]
64,[,897,1477,1770,1668,1377,1042,692,443,282,150,94,53,28,13,7,2,4,1,0,0,0]
70,[,817,1398,1733,1670,1410,1038,759,487,274,197,116,50,30,10,4,2,4,0,0,1,0]
76,[,780,1413,1712,1563,1362,1085,768,550,344,192,114,52,28,23,6,5,3,0,0,0,0]
82,[,768,1312,1547,1583,1439,1158,800,551,346,228,124,71,42,12,10,3,3,1,0,0,2]
88,[,757,1331,1574,1535,1403,1113,848,559,347,233,124,93,35,30,7,3,2,4,2,0,0]
94,[,765,1292,1540,1567,1353,1116,826,561,390,273,144,76,44,19,17,6,5,2,2,1,1]
100,[,690,1165,1461,1462,1389,1133,932,668,422,281,180,87,54,40,17,12,3,2,1,0,1]
106,[,645,1197,1397,1495,1389,1182,880,653,484,292,175,103,54,29,13,8,0,0,3,1,0]
112,[,612,1077,1424,1510,1429,1125,922,635,501,316,188,115,58,46,16,11,11,2,1,1,0]
118,[,636,1102,1358,1489,1394,1162,918,648,502,286,199,123,83,41,27,16,6,6,1,3,0]
124,[,557,1084,1377,1405,1359,1190,985,666,503,298,218,159,83,54,40,12,3,2,3,2,0]
130,[,584,1066,1361,1401,1347,1154,960,726,513,346,217,141,71,42,25,16,12,13,2,3,0]
136,[,546,992,1297,1445,1374,1141,934,781,529,344,252,159,79,55,27,18,13,9,2,1,2]
142,[,550,1021,1259,1411,1383,1157,970,712,550,388,233,145,101,42,33,21,12,1,7,0,4]
148,[,491,990,1264,1406,1327,1236,979,762,540,368,238,161,105,51,35,33,7,3,1,1,2]
154,[,556,929,1253,1380,1293,1174,955,763,536,428,302,177,101,66,41,19,10,10,3,2,2]
160,[,525,898,1193,1371,1318,1221,1008,783,580,373,267,174,122,77,39,26,16,2,4,1,2]


20n:
20,[4352,2494,1335,823,465,234,122,84,37,24,13,10,2,1,2,0,0,1,0,1,0]
40,[3571,2241,1487,980,626,396,246,183,108,61,38,25,13,7,2,7,5,2,1,0,1]
60,[2875,2048,1439,1048,691,553,391,266,200,145,96,61,55,44,24,18,14,10,5,6,11]
80,[2593,1857,1424,1039,749,576,428,336,241,186,145,120,71,54,42,40,28,14,15,7,35]
100,[2099,1697,1288,1041,802,632,536,397,304,237,192,175,124,96,77,60,50,36,33,25,99]
120,[1873,1520,1285,1015,794,624,574,420,348,289,247,200,158,133,108,82,63,58,31,39,139]
140,[1690,1364,1188,983,795,676,524,490,410,294,271,204,181,180,117,108,117,60,50,46,252]
160,[1492,1194,1107,907,807,652,553,496,430,383,305,254,188,197,167,126,114,91,85,59,393]

20,[1361,1933,2013,1665,1159,807,505,276,122,90,38,14,10,3,2,0,2,0,0,0,0]
40,[,670,1152,1567,1496,1379,1173,825,645,411,279,180,98,58,35,15,9,4,1,1,2,0]
60,[,419,830,1065,1272,1223,1226,1028,807,661,460,380,239,154,103,56,36,23,8,5,2,3]
80,[,314,654,922,1064,1063,1062,1041,936,768,591,469,346,274,184,122,68,52,29,18,8,15]
100,[,237,479,693,863,943,1012,931,938,804,698,628,444,370,291,222,140,99,70,47,38,53]
120,[204,413,565,755,845,852,905,850,877,722,655,545,445,372,262,215,170,108,81,69,90]
140,[170,354,458,612,707,829,784,867,777,750,708,600,519,416,370,270,216,176,118,73,226]
160,[139,304,437,504,647,682,720,760,718,743,730,606,542,516,419,330,309,230,178,135,351]
